0.568041 0.072739
0.518347 0.853028
0.844504 0.579058
0.228959 0.115624
0.298702 0.289599
0.283453 0.002232
0.504893 0.733779
0.620992 0.011543
0.000980 0.477027
0.399209 0.508134
0.213041 0.585803
0.592079 0.065498
0.823447 0.667729
0.517068 0.360785
0.715275 0.624408
0.424880 0.956415
0.470433 0.563584
0.160790 0.404679
0.433177 0.406717
0.700332 0.483693
0.421953 0.770259
0.747885 0.707739
0.977545 0.597964
0.984677 0.471488
0.301307 0.061527
0.084928 0.385419
0.737425 0.895022
0.637104 0.810587
0.540929 0.400710
0.733673 0.840282
0.613220 0.388837
0.188461 0.467982
0.381347 0.292648
0.533368 0.318748
0.194963 0.746262
0.418841 0.464763
0.272193 0.749838
0.528519 0.818969
0.411201 0.057663
0.149808 0.829480
0.069753 0.344558
0.982382 0.886235
0.959715 0.926254
0.550524 0.662219
0.915357 0.409946
0.964589 0.842388
0.013078 0.798353
0.912758 0.729492
0.576782 0.974206
0.483288 0.620580
0.091616 0.787922
0.607644 0.666915
0.839392 0.660715
0.629994 0.307853
0.090089 0.124021
0.417352 0.429797
0.590094 0.712017
0.862473 0.578237
0.422852 0.880450
0.730084 0.524379
0.238297 0.049589
0.449660 0.429987
0.796276 0.008458
0.161184 0.025881
0.980400 0.576558
0.215741 0.959750
0.521097 0.080112
0.444732 0.618634
0.383826 0.957546
0.468443 0.125883
0.721678 0.246314
0.804892 0.818141
0.495337 0.136549
0.972152 0.954810
0.496859 0.708287
0.173451 0.183655
0.682203 0.789997
0.477594 0.915871
0.038534 0.639092
0.221319 0.700824
0.743134 0.853603
0.512958 0.284859
0.620234 0.270449
0.428017 0.680654
0.743942 0.428644
0.226475 0.361944
0.198959 0.895688
0.829642 0.790638
0.245832 0.706275
0.356499 0.686405
0.401136 0.893619
0.054227 0.386625
0.003377 0.762841
0.060636 0.101446
0.000010 0.170951
0.179906 0.687053
0.294832 0.234767
0.725507 0.595552
0.442011 0.871393
0.496926 0.835879
0.611815 0.776055
0.158610 0.762494
0.241323 0.915996
0.151481 0.948059
0.034994 0.146140
0.176356 0.016810
0.524354 0.823389
0.705289 0.789109
0.551893 0.673952
0.106154 0.137900
0.691781 0.760741
0.767373 0.236605
0.620201 0.724238
0.274245 0.229612
0.092585 0.070378
0.845902 0.071134
0.551504 0.120228
0.677741 0.797147
0.657809 0.803804
0.534334 0.545433
0.094943 0.706955
0.790113 0.424943
0.016779 0.999197
0.506267 0.832564
0.906607 0.337496
0.293590 0.365362
0.636534 0.223653
0.932730 0.394471
0.878623 0.014512
0.901050 0.945072
0.816939 0.297764
0.514385 0.272320
0.890154 0.825131
0.984456 0.756029
0.577915 0.013289
0.355899 0.598199
0.929144 0.122099
0.116877 0.352066
0.174282 0.158451
0.082863 0.675730
0.987757 0.226063
0.437478 0.693983
0.775217 0.080271
0.116898 0.697178
0.464588 0.330738
0.719080 0.579831
0.212037 0.705459
0.656033 0.948295
0.993157 0.987880
0.301240 0.945080
0.956374 0.774997
0.378805 0.583071
0.671256 0.801995
0.131339 0.409825
0.922681 0.501924
0.828912 0.520284
0.407750 0.058820
0.589367 0.490711
0.371709 0.309336
0.016097 0.537033
0.917878 0.768706
0.645347 0.350573
0.084539 0.843373
0.563391 0.917410
0.909130 0.742369
0.994996 0.900106
0.074572 0.333236
0.690889 0.769268
0.081882 0.197098
0.623301 0.818837
0.201160 0.890896
0.296506 0.370627
0.126184 0.773686
0.335476 0.352027
0.523449 0.607527
0.699874 0.789409
0.597061 0.799087
0.254238 0.982993
0.165405 0.953738
0.467636 0.551093
0.217371 0.348599
0.902971 0.241453
0.100406 0.531992
0.193932 0.414665
0.277007 0.655893
0.592597 0.776615
0.563926 0.904782
0.670455 0.336085
0.580740 0.493352
0.761396 0.783042
0.594181 0.400428
0.995472 0.890273
0.817083 0.719219
0.911423 0.292192
0.865021 0.410085
0.299829 0.219152
0.284720 0.283366
0.533825 0.990468
0.796413 0.307290
0.624158 0.221564
0.824999 0.764436
0.878582 0.327826
0.775518 0.134102
0.854364 0.300353
0.035377 0.577694
0.299896 0.358483
0.029766 0.283750
0.985430 0.113822
0.998922 0.874340
0.034181 0.475140
0.678019 0.462869
0.436362 0.939052
0.645080 0.865085
0.489709 0.543090
0.706533 0.694468
0.925465 0.296701
0.654141 0.147510
0.208586 0.705074
0.182647 0.755277
0.941036 0.997513
0.199996 0.328088
0.178187 0.796058
0.339128 0.721516
0.515412 0.535248
0.919436 0.952905
0.467795 0.229511
0.394607 0.158014
0.737620 0.173113
0.502744 0.610999
0.065986 0.023635
0.226785 0.571872
0.457610 0.047015
0.177312 0.080143
0.967620 0.789798
0.131007 0.831510
0.180342 0.008081
0.819532 0.876913
0.277062 0.585212
0.652637 0.863783
0.597891 0.752087
0.322158 0.507904
0.334950 0.507174
0.065246 0.586728
0.133033 0.887556
0.157020 0.031741
0.477440 0.339383
0.009450 0.833394
0.845989 0.529664
0.065240 0.483678
0.174977 0.832279
