0.568761 0.174215
0.034036 0.048840
0.859090 0.723303
0.557064 0.571178
0.793972 0.281345
0.565645 0.788538
0.953705 0.914413
0.539462 0.743961
0.746724 0.185261
0.673449 0.657620
0.621751 0.768893
0.777930 0.665655
0.670801 0.145176
0.977838 0.521330
0.987216 0.133943
0.174396 0.078635
0.616108 0.930320
0.880324 0.602227
0.635925 0.996482
0.875772 0.094850
0.149531 0.164886
0.232642 0.016476
0.917254 0.285065
0.095071 0.864544
0.390624 0.211376
0.602448 0.336741
0.612672 0.186451
0.689482 0.129250
0.300529 0.985088
0.380818 0.412200
0.841305 0.804944
0.687322 0.819013
0.152421 0.738503
0.018663 0.666174
0.389274 0.531177
0.483894 0.805841
0.763719 0.821043
0.265279 0.547985
0.981357 0.665390
0.209121 0.688298
0.228945 0.878172
0.442210 0.224123
0.838451 0.844248
0.283180 0.400123
0.865482 0.158590
0.418518 0.023996
0.306481 0.019533
0.295208 0.559796
0.488213 0.393185
0.260477 0.836885
